This folder: /home/daniella/.comments

  File: ./Tami new creatures growth 2010-2023.png.xml
  Size: 173       	Blocks: 8          IO Block: 4096   regular file
Device: 8,38	Inode: 9312002     Links: 1
Access: (0664/-rw-rw-r--)  Uid: ( 1000/daniella)   Gid: ( 1000/daniella)
Access: 2024-03-10 05:01:10.989502287 -0300
Modify: 2023-07-25 21:09:40.339886148 -0300
Change: 2023-07-25 21:09:40.339886148 -0300
 Birth: 2023-07-25 21:09:40.339886148 -0300
IPFS hash: QmTqG9ShuExvLmtgV2hxEHtN3TNMn2srM2ZyfCj34k8NaG
------------------------------