This folder: /media/daniella/B/git/Tamigucho/Sites/subdomains/factory/public/classic/.comments

  File: ./Tami new creatures growth 2010-2023.png.xml
  Size: 173       	Blocks: 8          IO Block: 4096   regular file
Device: 8,20	Inode: 2018713     Links: 1
Access: (0664/-rw-rw-r--)  Uid: ( 1000/daniella)   Gid: ( 1000/daniella)
Access: 2024-03-10 05:01:10.989502200 -0300
Modify: 2023-07-25 21:09:40.339886100 -0300
Change: 2024-03-10 05:01:10.989502200 -0300
 Birth: 2024-03-10 05:01:10.985503300 -0300
IPFS hash: QmTqG9ShuExvLmtgV2hxEHtN3TNMn2srM2ZyfCj34k8NaG
------------------------------
  File: ./Tami new creatures growth 2010-present.png.xml
  Size: 176       	Blocks: 8          IO Block: 4096   regular file
Device: 8,20	Inode: 3587716     Links: 1
Access: (0664/-rw-rw-r--)  Uid: ( 1000/daniella)   Gid: ( 1000/daniella)
Access: 2024-02-24 21:03:32.714305800 -0300
Modify: 2024-01-15 01:53:05.495281000 -0300
Change: 2024-01-15 01:53:05.495281000 -0300
 Birth: 2024-01-15 01:53:05.495281000 -0300
IPFS hash: QmUpiMuGG6PWBMBYC7hLxgHLCshYcLLchNoSPFaejgncDE
------------------------------