This folder: /home/daniella/com-factory-tamigucho/public/img/institutional/2011

  File: ./image160.png
  Size: 1101      	Blocks: 8          IO Block: 4096   regular file
Device: 8,22	Inode: 10275521    Links: 1
Access: (0755/-rwxr-xr-x)  Uid: ( 1000/daniella)   Gid: ( 1000/daniella)
Access: 2024-01-08 23:52:17.411343297 -0300
Modify: 2022-12-05 05:20:02.409010000 -0300
Change: 2024-01-08 23:52:17.167373363 -0300
 Birth: 2024-01-08 23:52:17.163373855 -0300
IPFS hash: QmbuHvaq8fQcKzmkawanoPcMhNm8EDQecwKJEKKLx6qMHV
------------------------------
  File: ./image161.png
  Size: 3445      	Blocks: 8          IO Block: 4096   regular file
Device: 8,22	Inode: 10275522    Links: 1
Access: (0755/-rwxr-xr-x)  Uid: ( 1000/daniella)   Gid: ( 1000/daniella)
Access: 2024-01-08 23:52:17.431340833 -0300
Modify: 2022-12-05 05:20:02.409123000 -0300
Change: 2024-01-08 23:52:17.171372869 -0300
 Birth: 2024-01-08 23:52:17.167373363 -0300
IPFS hash: QmUTho8kzfoo5P1iBJaL6JjnkaYdxMrobKZL5Hy8GKvumD
------------------------------