This folder: /media/daniella/B/git/Tamigucho/Sites/subdomains/factory/public/img/institutional/2015/PhonemonBlue

  File: ./Platrans.png
  Size: 1054      	Blocks: 8          IO Block: 4096   regular file
Device: 8,20	Inode: 3093161     Links: 1
Access: (0755/-rwxr-xr-x)  Uid: ( 1000/daniella)   Gid: ( 1000/daniella)
Access: 2024-01-14 22:02:31.927685900 -0300
Modify: 2016-07-18 02:40:28.000000000 -0300
Change: 2024-01-14 22:02:31.675685600 -0300
 Birth: 2023-06-18 17:48:27.146516600 -0300
IPFS hash: QmX78E8mfrJH4LB3TGypgLLD2CxWXNt8NcxGsPN18LVkc2
------------------------------
  File: ./PlayerF.png
  Size: 863       	Blocks: 8          IO Block: 4096   regular file
Device: 8,20	Inode: 3093336     Links: 1
Access: (0755/-rwxr-xr-x)  Uid: ( 1000/daniella)   Gid: ( 1000/daniella)
Access: 2024-01-14 21:59:58.827740600 -0300
Modify: 2015-06-06 14:41:20.000000000 -0300
Change: 2024-01-14 21:59:58.083742300 -0300
 Birth: 2023-06-18 17:48:31.381688900 -0300
IPFS hash: QmRLDyYUCLSPYePGGGA1FBG4NwrZynpZUzMq3PyDXX8Qnn
------------------------------
  File: ./PlayerM.png
  Size: 862       	Blocks: 8          IO Block: 4096   regular file
Device: 8,20	Inode: 3093337     Links: 1
Access: (0755/-rwxr-xr-x)  Uid: ( 1000/daniella)   Gid: ( 1000/daniella)
Access: 2024-01-14 21:59:58.811740600 -0300
Modify: 2015-06-06 14:41:12.000000000 -0300
Change: 2024-01-14 21:59:58.087742200 -0300
 Birth: 2023-06-18 17:48:31.398190900 -0300
IPFS hash: QmYtqVeXP5DNawVmVAJyjugwuyNG2aDw1xcf33b1MWiRgS
------------------------------