This folder: /media/daniella/B/git/Tamigucho/Sites/subdomains/factory/public/classic/img/creatures/2020

  File: ./.folderstamp
  Size: 104       	Blocks: 8          IO Block: 4096   regular file
Device: 8,20	Inode: 91787       Links: 1
Access: (0664/-rw-rw-r--)  Uid: ( 1000/daniella)   Gid: ( 1000/daniella)
Access: 2024-01-21 16:02:57.164740800 -0300
Modify: 2024-01-21 16:02:57.164740800 -0300
Change: 2024-01-21 16:02:57.164740800 -0300
 Birth: 2024-01-21 16:02:57.164740800 -0300
IPFS hash: QmYvCnBpZHb2kiGJbim4qSG6zz4iC2D3HKGvnE5JsJkFh8
------------------------------
  File: ./Presibident.png
  Size: 414789    	Blocks: 816        IO Block: 4096   regular file
Device: 8,20	Inode: 3093261     Links: 1
Access: (0755/-rwxr-xr-x)  Uid: ( 1000/daniella)   Gid: ( 1000/daniella)
Access: 2024-01-20 03:59:06.968786500 -0300
Modify: 2023-06-03 18:27:21.535623800 -0300
Change: 2023-06-18 17:48:29.234051400 -0300
 Birth: 2023-06-18 17:48:29.200264000 -0300
IPFS hash: QmcbuSzPaFmP8ghFLnM8juMkGmz4NapiBSFXSsSMSzbrZg
------------------------------
  File: ./Trumphirus.jpeg
  Size: 99268     	Blocks: 200        IO Block: 4096   regular file
Device: 8,20	Inode: 3093262     Links: 1
Access: (0755/-rwxr-xr-x)  Uid: ( 1000/daniella)   Gid: ( 1000/daniella)
Access: 2024-01-21 15:10:16.740471600 -0300
Modify: 2023-06-03 19:34:22.198272100 -0300
Change: 2023-08-29 18:27:12.362357500 -0300
 Birth: 2023-06-18 17:48:29.239507600 -0300
IPFS hash: QmUQdmUTUA1jbGJjpiEggfVZfgaDwWx3qZdthaJrY54gC4
------------------------------