This folder: /media/daniella/B/git/Tamigucho/Sites/subdomains/factory/public/classic/img/creatures/2021

  File: ./.folderstamp
  Size: 104       	Blocks: 8          IO Block: 4096   regular file
Device: 8,20	Inode: 3661512     Links: 1
Access: (0664/-rw-rw-r--)  Uid: ( 1000/daniella)   Gid: ( 1000/daniella)
Access: 2024-01-21 16:02:43.538364400 -0300
Modify: 2024-01-21 16:02:43.538364400 -0300
Change: 2024-01-21 16:02:43.538364400 -0300
 Birth: 2024-01-21 16:02:43.538364400 -0300
IPFS hash: QmecuJstyDqJcTQ29Ugnv6MFT8DtU7PJ5i5e5ABc4Lxn65
------------------------------
  File: ./Foto_2022-02-25_144138.png
  Size: 11803074  	Blocks: 23056      IO Block: 4096   regular file
Device: 8,20	Inode: 3093264     Links: 1
Access: (0755/-rwxr-xr-x)  Uid: ( 1000/daniella)   Gid: ( 1000/daniella)
Access: 2024-01-20 03:59:07.000785700 -0300
Modify: 2022-05-01 13:19:37.715434600 -0300
Change: 2023-06-18 17:48:29.472417500 -0300
 Birth: 2023-06-18 17:48:29.260450900 -0300
IPFS hash: QmU9GiV19kfJhPeiJbpkJ2FGgaGupFx4fADeQkuas2fz8t
------------------------------