This folder: /media/daniella/B/git/Tamigucho/Sites/subdomains/factory/creatures/Gimmick/Super-morph

  File: ./2023
  Size: 0         	Blocks: 0          IO Block: 4096   directory
Device: 8,20	Inode: 4166727     Links: 1
Access: (0755/drwxr-xr-x)  Uid: ( 1000/daniella)   Gid: ( 1000/daniella)
Access: 2023-08-29 18:28:37.537879700 -0300
Modify: 2023-08-29 18:28:34.810131200 -0300
Change: 2023-08-29 18:28:34.810131200 -0300
 Birth: 2023-07-14 18:40:03.474401900 -0300
IPFS hash: 
------------------------------
  File: ./2024
  Size: 0         	Blocks: 0          IO Block: 4096   directory
Device: 8,20	Inode: 3093310     Links: 1
Access: (0755/drwxr-xr-x)  Uid: ( 1000/daniella)   Gid: ( 1000/daniella)
Access: 2023-08-29 18:23:49.309830800 -0300
Modify: 2023-05-26 16:36:26.343153700 -0300
Change: 2023-08-29 18:23:49.306415600 -0300
 Birth: 2023-08-29 18:23:49.302446000 -0300
IPFS hash: 
------------------------------