This folder: /media/daniella/B/git/Tamigucho/Sites/subdomains/factory/public/creatures-2017-site/2011

  File: ./Bulball.png
  Size: 164357    	Blocks: 328        IO Block: 4096   regular file
Device: 8,20	Inode: 3047983     Links: 1
Access: (0755/-rwxr-xr-x)  Uid: ( 1000/daniella)   Gid: ( 1000/daniella)
Access: 2024-01-14 17:33:46.516695000 -0300
Modify: 2017-06-16 14:15:18.000000000 -0300
Change: 2023-08-07 23:59:50.324384000 -0300
 Birth: 2023-06-18 17:47:48.423967200 -0300
IPFS hash: QmdjresMm6G9kz1fMerom3VNVVcnjVSCCVTWMBr7DTgyRk
------------------------------
  File: ./Bulbomb.png
  Size: 1268      	Blocks: 8          IO Block: 4096   regular file
Device: 8,20	Inode: 3047977     Links: 1
Access: (0755/-rwxr-xr-x)  Uid: ( 1000/daniella)   Gid: ( 1000/daniella)
Access: 2024-01-14 17:33:46.624695600 -0300
Modify: 2017-06-16 14:14:26.000000000 -0300
Change: 2023-08-07 23:59:50.320913900 -0300
 Birth: 2023-06-18 17:47:48.411503900 -0300
IPFS hash: QmUxajwpvYKytWrQJXBiDHhFRMK9nqYjVC24NsK5kFUrBc
------------------------------
  File: ./Waterain.png
  Size: 2506      	Blocks: 8          IO Block: 4096   regular file
Device: 8,20	Inode: 3047965     Links: 1
Access: (0755/-rwxr-xr-x)  Uid: ( 1000/daniella)   Gid: ( 1000/daniella)
Access: 2024-01-14 17:33:46.676695900 -0300
Modify: 2017-06-16 14:18:12.000000000 -0300
Change: 2023-08-07 23:59:50.314576200 -0300
 Birth: 2023-06-18 17:47:48.397106600 -0300
IPFS hash: QmZHGUAucZwQJaqChwyM2Yz9o1uGqxzBND3fs3XTWcZZwA
------------------------------