This folder: /media/daniella/B/git/Tamigucho/&meta/Private/Products/Games/4. A-B/Resources/Graphic

  File: ./ACover.png
  Size: 3314267   	Blocks: 6480       IO Block: 4096   regular file
Device: 8,4	Inode: 1099033     Links: 1
Access: (0755/-rwxr-xr-x)  Uid: ( 1000/daniella)   Gid: ( 1000/daniella)
Access: 2024-01-13 23:20:33.480638000 -0300
Modify: 2024-01-13 23:20:32.387593700 -0300
Change: 2024-01-13 23:20:32.387593700 -0300
 Birth: 2024-01-13 23:20:31.049340300 -0300
IPFS hash: QmXMFT6ktm7xkdFqVEqSbgWK7na8pQ5UJzUzpjjEe9BPYt
------------------------------
  File: ./BCover.png
  Size: 3260255   	Blocks: 6368       IO Block: 4096   regular file
Device: 8,4	Inode: 1099447     Links: 1
Access: (0755/-rwxr-xr-x)  Uid: ( 1000/daniella)   Gid: ( 1000/daniella)
Access: 2024-01-13 23:20:43.578570100 -0300
Modify: 2024-01-13 23:20:42.457076000 -0300
Change: 2024-01-13 23:20:42.457076000 -0300
 Birth: 2024-01-13 23:20:41.267930800 -0300
IPFS hash: QmSLrShDQdp5swdvrz14Y9ui1Tn5EyRHYc5kyUevLhxth5
------------------------------
  File: ./Packaging.pptx
  Size: 28957724  	Blocks: 56560      IO Block: 4096   regular file
Device: 8,4	Inode: 1099455     Links: 1
Access: (0755/-rwxr-xr-x)  Uid: ( 1000/daniella)   Gid: ( 1000/daniella)
Access: 2024-01-13 23:31:06.347726000 -0300
Modify: 2024-01-13 23:20:55.345443800 -0300
Change: 2024-01-13 23:20:55.874980000 -0300
 Birth: 2024-01-13 22:24:53.885049200 -0300
IPFS hash: QmQPifBBxjqqCujKHnJEcAiABaKfL4QQ4gyufh3MvRSoBP
------------------------------